.Random.seed <-
c(403L, 10L, 1334588615L, -494667875L, 1708532500L, 1668256186L, 
1606068229L, -1665106465L, -807997338L, 282738672L, 944593171L, 
694625969L, -1454419616L, 1695336190L, -224501111L, -1191068229L, 
1318545290L, -173478292L, -630280209L, 617850917L, 1580566748L, 
1202581170L, 1529364909L, -1941658265L, -1754385778L, -815490200L, 
-447274133L, 1062862089L, 1839600536L, 75391686L, -1805113311L, 
1548254387L, -713097694L, -289447916L, -1926478697L, 1311125133L, 
-31989852L, -964370038L, 1022082549L, 139137103L, 361211734L, 
-844276224L, 54759235L, -2127984927L, 129320016L, -1377923922L, 
770488409L, 1549809771L, 972037594L, -311966052L, 677091487L, 
649941749L, -1160589428L, -1525473694L, 421823037L, -387461961L, 
1849398110L, 1011283608L, -323668485L, -1334859879L, -827551704L, 
-684156714L, -1120985775L, 1866378243L, -960285806L, -1003609820L, 
-214050841L, -104141763L, 68524724L, -1753155302L, -448308635L, 
-926036225L, 281891718L, 383317264L, 207859123L, 1361366609L, 
-3723776L, -328717602L, -971331287L, -1080462117L, 866046954L, 
-1647295604L, 210928847L, -1045451643L, -1088608452L, -748857838L, 
-836356851L, 177446471L, -2116525010L, -2055566968L, 1521447051L, 
1534741097L, -991996360L, 1129098982L, 236538497L, 1266718227L, 
-1240202814L, -1639503244L, -1121514377L, -306825875L, -765785596L, 
1969121578L, -800113003L, -1318759121L, -1712984010L, -579525536L, 
1057032867L, -1434165823L, 2000779696L, 651143374L, -1573185991L, 
86771787L, 1597970938L, -2138680068L, -933250753L, 1017943573L, 
509715756L, 1658766850L, 2087730397L, 1396934615L, 319492798L, 
-1346624264L, 1625193179L, -973176519L, -1589164920L, -2059230154L, 
-2143109007L, 662803107L, -925653006L, -846230716L, -174210041L, 
1177936349L, -1443774764L, 836231674L, -507884219L, 113965471L, 
1678600998L, -997944400L, 1411407955L, 677731185L, 790088352L, 
386276926L, 183358793L, -579531781L, -149000246L, -2068446932L, 
1739595055L, 1180484581L, 1418164892L, 199327474L, 931778413L, 
-839309145L, -1178260786L, 533149736L, -125656021L, 1947272777L, 
693743448L, -720729594L, 1750021089L, -411233933L, 55042530L, 
-1020750508L, 1310846039L, -113192883L, -827239452L, -955084342L, 
-182249419L, 557020815L, -533731434L, -1276130496L, -1378736637L, 
173972513L, 1442549520L, 1284826350L, 1377905817L, 603875627L, 
1367900186L, 1478998748L, -1529828641L, -751438667L, 824582732L, 
-1516515678L, -940403203L, -1246576905L, 1724856350L, 483769048L, 
661679675L, 10927065L, -1699190424L, 1134870678L, 1779965457L, 
1534154691L, 1241762770L, -1861937564L, 60032423L, 1129650941L, 
479526644L, 118143450L, -1218110171L, -82817985L, -1051190330L, 
-477194160L, -601648013L, -369084271L, -212809536L, 693297822L, 
-837042583L, -68325733L, -810171478L, -49911860L, -1419625841L, 
-352480571L, 1844853372L, -44919086L, 898884173L, 2097917703L, 
-1680624914L, -734165048L, -2067691317L, 1068456233L, -1447034504L, 
-1586985306L, -1681469247L, 2110339411L, -305945086L, -448635084L, 
2063699127L, -1430659923L, -447821372L, -272729032L, -1468977382L, 
-853300016L, 7667516L, -1230481516L, -1230601342L, 2065639872L, 
258743868L, -417757808L, 481877538L, 214656264L, 116907660L, 
55873308L, -425049966L, -1037952640L, -285469164L, 793186088L, 
1890585146L, -2111939120L, 150612332L, -999316556L, -1422165998L, 
1937688032L, -526223412L, 883704032L, 520747042L, -2127761112L, 
226840076L, 1632864060L, 1091023858L, 1506151152L, -1156067772L, 
1125732952L, 771456826L, 1611191792L, -1686104388L, -782321388L, 
436474562L, -1568922528L, -337529988L, -1687271472L, -1958727390L, 
-226624856L, -1988863092L, -1808201540L, 374775602L, -77321664L, 
-1155818316L, -587001272L, 1870935482L, 392151568L, -1276419348L, 
-1074740908L, -1193139950L, -129593952L, 896750284L, 1209884256L, 
-1873201214L, 918886184L, -1246294100L, 721474364L, 1308404082L, 
1792908080L, -29139676L, 2127375160L, -1954836774L, -505034864L, 
-1293472004L, 776698772L, -1292119998L, -228141824L, 387343420L, 
-711040688L, 688177314L, 128897352L, -1746483444L, 2118648540L, 
-601219758L, -1241115520L, -1331048364L, -1087410200L, -982423302L, 
1556699984L, -155853012L, 1682082164L, 1010994066L, 26187872L, 
-1312834164L, -1170924704L, 1905654242L, 474756008L, 1268970700L, 
-1936871428L, 1772930482L, 1581487600L, -1665594428L, 180966744L, 
-1626523270L, 539976624L, 909015484L, 191719508L, -515045438L, 
260059168L, -2024658756L, -1614691760L, -1052072990L, -75136920L, 
1000141900L, 684067068L, 646073330L, -377353984L, -1925254796L, 
1402698760L, 691220410L, -1603436080L, 1821191148L, -817884780L, 
1605292498L, -143490720L, -86130868L, -1777133280L, -1514541182L, 
1354882792L, -1719545620L, 1929892924L, 295381874L, 964460144L, 
-95874012L, 856689464L, 1131654298L, 679899856L, 631128252L, 
1709067924L, 251356802L, -1897383744L, -1983450308L, -1867334512L, 
271048226L, -985432056L, 60964108L, -745612132L, -1698284014L, 
339664768L, -1642885612L, -257349080L, 697599290L, -1202267696L, 
1938281580L, -436217548L, -2069920110L, 210414432L, 1546773324L, 
1891620832L, 1914226594L, -423286872L, -2035257972L, -1062147908L, 
-664524430L, -582634256L, -1810210748L, -2005315240L, -1998588358L, 
543505264L, -869132228L, 909008660L, 2104325570L, 971496160L, 
-589084804L, 683527888L, 1545091234L, -576955352L, 1320789260L, 
-950949956L, 1890593074L, -410801728L, 1972103732L, 1507363784L, 
-1097754438L, -1172776560L, -942181908L, 41943636L, -587489134L, 
-1682243808L, 329599436L, -1297713696L, 144971458L, 2042176552L, 
975467180L, -196803396L, 952277490L, -709959376L, -2069220188L, 
-27384136L, 1715768666L, -286481008L, 1982493564L, 576657684L, 
-1213648062L, 64084736L, -1426122820L, 553656144L, -827890910L, 
520617288L, 1976064524L, 751056988L, -337244974L, 1507400192L, 
-1421963948L, 679418344L, -444744710L, -536432432L, -580862676L, 
-1392741644L, 1386940818L, 812971104L, -1467587316L, 309703392L, 
139553122L, 528730792L, -827829684L, 1609171324L, 1841251634L, 
1532530800L, -119179452L, -967823912L, -665813894L, 1062325808L, 
-892854418L, 1465349659L, -764166275L, -290405014L, -353027064L, 
1330390193L, 1395622691L, -991039452L, -679410990L, -1242249433L, 
29227377L, -174514250L, 451138388L, 2087615973L, -1182439441L, 
1930315560L, 1929772934L, -1858524237L, -1486415083L, -527944334L, 
-1028912704L, 922266153L, 2125893275L, 2032039788L, 445321082L, 
-1038165841L, -1228819527L, -1015196210L, 785678620L, -2004843379L, 
1303726327L, 514999296L, 508823134L, -859481813L, 2452013L, 364214938L, 
-1931303336L, -7648831L, -1445808525L, 950137748L, -1145247198L, 
2067010871L, -1822026751L, 1297701126L, -1481986748L, -33599371L, 
-989707809L, 889810232L, -878174442L, -762708189L, 1317092581L, 
1671055618L, -511407248L, 887989017L, -546671861L, -891650052L, 
175995946L, 575844447L, 1684092905L, 258390270L, 1790601452L, 
-854201283L, 1109909511L, 1665571824L, 1562163086L, 1660323259L, 
-1061469283L, 1654585674L, 1462948200L, 1961613137L, -309607357L, 
-437981884L, -1335144974L, -180975673L, 1630112145L, 1548770582L, 
728876404L, 1932706821L, -1139874737L, 127088712L, -625349146L, 
1549206291L, 1024758901L, 1593159250L, 1325090976L, -1037975159L, 
108515771L, 802770444L, -366848102L, -166322417L, 1131095385L, 
-675094546L, -1943804292L, -1637339411L, 730388887L, 1990578784L, 
1357277246L, 492687627L, 448856973L, -2094669638L, 451897080L, 
1456852129L, 339220563L, 715367284L, -1855078142L, 662290839L, 
-993961119L, -421552218L, 1322502564L, -467685291L, -547814145L, 
1328114072L, 648688310L, -1744688317L, -118737275L, -670975198L, 
-2017460208L, -430711879L, -1367036821L, 346271580L, -2031364470L, 
901952127L, 1925446601L, 2083653726L, 2110421772L, -1286004003L, 
1598933991L, 1927262224L, 1149386030L, -1198427685L, 1651451581L, 
-1776692182L, 404686024L, -1726422543L, -1791758493L, 7321444L, 
-284062062L, -1206629529L, -1750862543L, -499102090L, -803385452L, 
1835183013L, 387325103L, 1537708392L, -150054586L, -436326157L, 
-427790763L, -1169632718L, -280174592L, 2033665257L, 544736091L, 
